SalePrice
179900
125000
163500
128000
87000
133000
107000
237000
168000
222500
270000
116050
183600
215200
165000
284000
107000
755000
110000
110000
265000
114000
119900
170000
103000
161000
165000
225000
137500
190000
234000
260000
135000
153500
94550
129000
236000
196000
115000
239000
140000
237000
226750
165000
270000
84500
136000
188700
115000
110000
143000
143000
235000
174000
173000
129900
179500
167840
131250
185500
151000
381000
178400
255000
108000
88750
130000
129500
187500
178000
233555
118500
236500
131000
158000
189500
184000
107400
262500
142125
310000
125500
165000
424870
290000
274000
85000
241500
105000
80000
194500
88000
128000
222000
190000
149900
205000
219500
187000
188000
115000
143000
198500
119500
110000
225000
208000
181900
127000
189000
166000
137000
267300
219990
122000
293077
137000
149900
134450
172000
64000
148800
144500
290000
538000
155000
138500
188000
165500
215000
306000
145000
104000
185000
85000
81500
73000
296000
277500
130000
139000
230500
394432
455000
230000
119900
100000
144000
335000
385000
110500
44000
106000
83000
120000
64500
148500
146000
149000
160000
86000
154000
147000
140000
403000
155000
133500
294900
142500
80000
220000
146000
269500
99500
133000
232000
129000
185000
193879
207000
84500
250000
110000
174000
139500
180500
132000
97900
143000
115000
127000
149500
170000
118500
120000
127000
269500
317000
200000
185485
293000
98000
125500
76500
82000
181000
174850
226000
137000
85400
211000
119000
221000
98600
180500
153000
146500
185000
50138
359100
127000
152000
190000
136500
93369
169000
145000
138800
173000
106000
176485
275000
128600
395000
160000
215000
300000
213490
145000
185000
147000
370967
134500
250580
147000
115000
177000
160000
169000
195000
111000
120875
395039
214000
132000
167000
152000
220000
118500
140000
230000
108000
143000
113000
128200
52500
120500
173000
238000
90500
188000
136500
179600
163000
100000
132500
137250
201490
159500
143000
155000
252000
128000
257000
328900
158000
130000
260116
128000
137000
279000
224500
250000
145000
140000
154000
217000
150000
82375
244000
171000
85000
135000
382500
205000
189500
100000
315000
112500
98000
134432
190000
167900
129000
242000
165000
110000
180000
412500
125000
146000
270000
128500
177625
384500
110000
176400
202500
145000
150000
116900
127500
479069
475000
405749
178900
125000
159950
108538
207000
93900
280000
82500
220000
173000
90000
230000
149700
224500
152000
203000
151000
226500
278000
175000
126000
173000
180000
185000
137500
78500
128500
58500
119000
221500
178000
112000
157500
319000
129900
201000
140000
138000
269500
119500
130000
184900
124500
258000
151500
174000
144800
131000
131000
181000
154900
271500
275000
240000
160000
184000
163500
129900
194000
152000
227680
181000
300000
155000
103400
192140
148500
144750
228500
216000
135000
198444
134000
148000
125000
149900
127500
121500
105500
110000
127500
146800
270000
135500
120000
104000
225000
164900
260000
120000
140000
145500
246000
174900
67000
171000
275000
168000
179000
177000
235128
106900
81300
162500
187000
177500
131500
205000
159900
282000
149000
124100
217000
123000
239900
158000
625000
492000
144000
164000
333168
179900
209500
142953
186700
200000
412083
103600
279900
124000
170000
124900
179900
372500
157000
200000
153000
209700
224000
153000
111000
157000
109500
135000
229000
115000
160000
215000
149350
118000
183500
127000
126000
205000
350000
140000
120000
114504
72000
218500
84500
169500
294000
136500
129400
132500
144000
132000
130500
112000
215000
275000
105000
91000
108000
315000
100000
249000
247000
159500
141000
124400
173500
137000
89000
89500
178000
200000
179665
139000
169990
135960
165000
124500
132500
144000
165000
122000
102000
250000
165500
117500
362500
116000
327000
260261
161500
119000
143900
97500
250000
138500
392000
410000
287000
163000
122000
181900
231000
167000
119500
154300
325000
287500
125200
245350
115000
161000
119000
147000
158000
120000
83000
126000
120000
130000
190000
185000
500067
135000
115400
175900
252678
328000
190000
238000
183500
102000
134500
140000
272000
275000
104500
160500
231000
415298
285000
260000
446261
158000
224900
121000
194000
163000
130000
148000
334000
139000
204000
418000
120000
145000
307000
225000
176000
129900
116500
164500
187000
267916
81000
285000
260000
239500
379000
226000
134500
213500
94900
60000
270000
174190
144152
173000
100000
152000
127000
105000
228500
281500
123000
248000
147000
143500
162500
228000
157900
114900
285000
385000
124000
79275
188000
173500
338500
179000
141000
187000
141000
145000
285000
162000
230000
179000
150000
340000
136905
225000
266000
149900
142100
135000
115000
98300
423000
126000
214000
132000
236500
142600
145000
81000
80000
139000
138000
221370
113500
315500
155900
217000
221500
150000
315000
89500
176000
135000
176000
374000
79000
172000
172000
143000
142000
79400
185088
255000
270000
99600
335000
159000
121000
105000
218000
194201
313000
195000
227000
264561
152000
120000
190000
190000
194000
174500
110000
139900
130000
337500
134900
197000
250764
196500
180000
162000
162000
136300
274900
214000
129200
164990
152400
280000
415000
177500
153000
122000
244000
178740
91300
214000
257000
122000
117500
142500
200000
383000
106000
212500
174000
248328
172900
203000
161000
392500
103000
78000
200000
104000
123600
124000
318000
125000
82000
138500
129500
200825
143000
80500
187500
234000
197900
163000
214000
129000
501837
193000
127000
76500
233230
108000
378000
130000
180000
196000
230000
211000
185000
375000
239900
168675
242000
230000
118000
133000
97500
319900
133000
126500
140750
143000
125000
153500
146500
177500
172785
137000
200000
165600
113500
591587
178000
535000
177000
105000
305900
165250
267000
235000
223000
161000
194500
152000
151000
99900
144900
235000
264500
136500
195400
210000
79000
116900
150000
108959
162900
185900
94000
100000
115500
129000
286000
187000
185000
275000
250000
120000
149900
457347
126000
228000
263000
141500
199500
229456
211000
204000
134000
250000
556581
155000
107900
149500
143500
145000
146500
135000
173000
130000
122600
186500
177000
80900
171000
282500
193000
83000
187500
125500
260000
167500
118000
241000
109000
100500
113000
159000
217500
275000
159434
171750
222000
96000
174000
145000
175000
171900
135000
211000
228000
172500
227875
118858
250000
132500
175000
341000
155000
179540
188000
372500
164000
201000
274970
324000
239000
139500
144000
213000
215000
109008
119200
266000
317500
116000
281000
229800
248500
140000
290000
153900
147000
172500
122500
214000
124000
230000
135900
115000
213000
239686
345000
180000
191000
164000
244000
445000
279500
80000
215000
150000
326000
124500
179900
150500
137000
153600
184000
270000
187500
127000
80000
241600
159900
372397
122500
233170
141000
160000
250000
166800
144000
220000
157500
148000
402000
156500
170000
175000
141000
150000
112000
215000
106500
300000
202000
193000
149000
227000
215000
240000
141000
137000
189000
290941
325000
85000
154000
128000
335000
50000
290000
220000
200000
100000
134900
125000
163000
142000
132500
545224
213750
130000
131000
184000
320000
156450
128500
212000
370000
226001
108000
392000
191000
160000
125600
186000
147000
198900
290000
219000
145000
171500
235000
246500
292500
146000
191000
205950
171925
220000
300000
72500
295000
165150
123000
168000
173000
361919
122000
222000
175000
203000
301600
157000
159000
176000
57625
162000
136000
196500
318000
159900
234250
198600
172000
257500
161500
155000
167000
239500
197000
248500
153900
170000
269790
205000
99900
187500
190000
316600
202665
113722
131750
155000
239799
147500
254900
55993
294000
240000
250000
147000
116000
84900
197000
162900
148000
164500
130000
100000
135000
135000
203160
430000
155000
119000
401179
35311
213000
270000
241500
197600
219210
232000
176000
260400
163000
555000
136000
75200
438780
179400
119750
128950
124500
215000
87000
245700
261329
143000
124000
395192
212300
248000
256000
179400
219500
129500
134800
150000
177439
187687
132000
295493
167000
123000
110000
80000
131000
105000
163990
155000
354000
108000
139950
334000
92000
255900
136500
80400
192000
110000
97000
245000
135000
105000
119900
174500
100000
275000
115000
177500
359900
119164
183000
143000
465000
233500
387000
310013
220000
185000
65000
227000
280000
119916
119000
113000
110000
251000
136500
128000
159000
160000
119000
210250
192000
155891
114000
81000
185900
160000
260000
208300
240000
120000
110000
252000
138887
383970
63900
234500
141000
79900
115000
195000
201000
204000
226500
175000
246578
139500
145250
230000
188500
165000
242500
217500
199000
170000
213500
137500
93000
209000
212700
180000
190000
67500
138000
142000
40000
224000
142000
96000
148000
99900
207000
152000
147500
115000
154000
177594
155000
148000
146500
125500
139500
172500
105500
260000
185000
127000
284500
460000
180000
103000
161000
284000
82000
112000
111500
240000
144000
183000
220000
224900
191000
55000
76500
190500
133000
165500
289000
302000
175000
125000
161000
466500
108500
150000
215000
141500
136500
198000
192500
217500
260000
290000
221000
127500
180500
184000
180000
192000
133700
143000
174000
228950
129500
311500
183500
280000
85000
165000
246900
75000
118964
119900
262000
132500
270000
162000
195500
153000
141500
135000
136000
150000
90000
145000
147500
410000
146900
88250
176000
179200
138000
211000
205000
178000
149000
240000
160000
185000
235000
144000
139000
140000
254750
148800
143195
148000
154204
117000
153500
160000
338931
143000
190000
106000
152500
582933
176000
285000
169000
112500
237500
160000
129000
81400
138000
195500
183500
128500
259000
155000
135000
160500
87000
173733
212000
179900
90000
159500
230000
275500
149500
345000
102776
133000
196500
132000
144000
112900
172000
203135
139000
185850
184900
299800
140200
98000
260000
204000
220000
369900
143000
159000
386250
142500
257500
136000
119000
315000
244000
127000
137000
213000
119900
214000
149000
122000
274725
193800
140000
109900
185000
85000
144000
202500
181134
139000
155000
180000
336820
226000
140000
284000
84000
315000
129000
193000
129250
166000
120000
128000
132000
312500
290000
89900
287602
149900
176000
128000
128500
115000
143000
245000
128900
127500
131000
255000
118000
180500
187750
190000
139600
199500
305000
350000
167900
119600
300000
139500
119000
125000
159000
168000
206300
75000
228500
210000
172500
213000
170000
155000
225000
157500
125000
224000
108000
113000
143250
615000
148000
140000
198000
119500
141500
90000
196000
203000
190000
112500
118858
165000
181000
201000
150000
165500
123000
109000
141000
94000
213000
264966
218000
148500
136000
235500
290000
336000
178000
181500
271000
183900
149900
128000
169000
120750
265979
240000
147500
167000
128500
149300
12789
137000
193000
135000
76000
235000
188000
110000
200000
157000
156500
178000
167500
184500
155000
330000
138500
90000
140000
82500
136000
141000
144000
97000
87500
208900
92900
140000
128500
235000
240000
320000
119000
285000
210400
140000
95000
236500
130250
202900
291000
172000
137500
148000
150000
151500
176500
124000
200000
205000
127500
146000
174000
140000
134000
182000
139500
146500
311872
191000
192000
79500
205000
200000
185101
85000
119000
116000
161000
127500
189000
39300
138000
355000
225000
237000
125000
249000
112500
426000
155000
205000
147000
123000
355000
254000
156000
248900
215000
186500
172400
127500
179900
315000
298236
130000
124000
134500
275500
240000
183850
127500
485000
139000
118400
222500
170000
103000
139900
189000
145000
186500
153000
257500
80000
130000
120000
119000
152000
185000
128000
99500
159000
111000
146000
156500
140000
168500
190550
287090
138000
297000
127000
209000
154000
250000
235876
286500
116000
140500
269500
240900
221000
263000
216500
241500
157500
133500
153000
125000
175900
173000
127000
300000
300000
139500
155000
380000
147983
256000
140000
131900
256000
83500
260000
101000
195000
204750
108000
135000
256000
113000
164000
203000
132250
121500
164000
187000
187500
137900
114500
98000
185000
390000
157500
144100
235000
309000
160000
263550
415000
120500
235000
179000
147000
222000
131500
169900
140500
108000
117000
121000
55000
150000
318000
75500
182000
95000
125000
128000
122000
177000
101800
610000
213000
176000
102000
64500
160000
113700
122250
127500
153500
157000
119900
130000
130000
86900
274300
136000
410000
161500
207500
185000
173000
115000
174000
169000
279000
107000
277000
110000
340000
192000
125000
167000
372402
274000
183000
215000
349265
156000
199900
158000
212109
68400
195000
223000
153575
178900
159000
325300
264132
170000
146000
287000
125500
100000
225000
88000
135000
173000
239000
149000
80000
130000
93000
165000
332000
146500
204000
135000
170000
131000
131000
118000
157000
141000
195500
145000
230000
145000
105000
214500
221800
156500
176000
127000
130000
145000
180000
148400
137000
156000
164500
220000
113000
260000
125000
210000
63000
129900
294323
240050
305000
255000
99500
142500
210000
124000
204500
151500
174000
197000
141000
135000
89500
153000
175000
227000
159000
114500
109000
157900
161900
128500
286000
745000
158900
219500
87500
133900
136500
182000
329900
310000
173500
277500
113500
158000
98500
156500
150750
135000
124000
175500
80000
185900
128000
226500
112000
126000
225000
409900
325624
145000
209000
167900
250000
207000
172500
217000
200000
115000
96500
337000
129000
116500
182000
66500
194700
308030
165500
100000
207000
162000
154000
252000
177900
134500
72000
159895
173000
149000
147000
61500
156000
157000
73000
200624
85000
394617
165000
462000
132000
175900
62500
102000
110000
175500
180000
160000
95000
253000
301000
140000
167500
232698
117600
108500
171000
135500
139900
218000
271000
213133
342000
207500
257000
194000
167000
143750
169000
127000
180000
156000
228500
265900
99000
350000
108500
64000
294464
139000
177000
149900
262280
323262
127000
200000
137450
160000
206000
127000
117000
121000
139500
162500
137000
89471
183000
225000
325000
138400
59000
151000
93000
13100
168000
227000
375000
226700
147000
190000
113000
235000
205000
145000
157500
133500
139000
108480
128900
257000
62383
235000
239000
129850
150000
207500
230500
284700
125000
61000
161750
115000
280750
132000
165000
171000
111750
191000
123500
190000
187500
135000
192500
185000
188500
170000
148000
137500
51689
174000
232000
260000
175000
145000
82000
186000
120000
300000
183200
60000
67000
207500
115000
93000
370000
250000
155000
130000
85500
123900
225000
210000
163000
125900
200000
117000
133500
95000
245000
197500
211500
153500
169985
297900
130000
113000
46500
129000
144000
315000
103500
180000
124500
257500
130000
160000
170000
129800
114000
140000
262500
134000
174000
140000
160000
135000
330000
552000
155000
170000
128250
133000
95541
158500
179000
125000
120000
105500
206900
206000
70000
94750
189000
154500
130000
210000
131000
188500
199900
178900
149900
138000
175000
206580
181000
168500
90350
212000
298751
148000
124000
149000
136870
222000
109500
217300
150900
172500
155000
202500
132000
180500
144000
301000
245000
249700
129000
137900
215000
168000
256300
100000
244600
137500
143500
167300
197900
140000
122900
153000
282922
130000
279500
261500
268500
141500
79000
175000
470000
468000
206000
265000
168500
159900
276000
254900
219500
130500
130000
86000
102900
157000
110500
109900
335000
229000
145000
166000
196000
238500
224243
169000
312500
584500
146000
166000
184500
103000
86900
160500
195000
109500
398800
105000
162500
167240
153500
239000
157500
186800
245500
148500
200100
293200
272500
202500
232500
164900
120000
135750
165400
156000
135500
35000
152000
105000
345000
135000
187500
318750
137000
140000
188000
126500
208900
104900
115000
190000
252000
253293
247900
166500
210000
177500
193500
170000
136900
144000
123000
140000
189000
120500
187000
257076
372000
128000
215700
208500
166000
64000
291000
165000
451950
148000
123000
163500
279500
255500
145000
124500
155000
195000
170000
138000
185000
167800
165000
163000
109900
152000
191500
154000
76000
168500
126000
93500
146300
146000
126175
126000
82500
181316
65000
127000
185750
127000
104900
131000
113000
64000
240000
320000
184100
181000
105000
149000
212999
213500
421250
75190
160200
129500
187100
187000
108000
239900
131400
147000
280000
217000
225000
215000
117000
167000
147000
258000
195000
116500
87000
